100
94 75 84 85 63 45
75 95 74 89 48 75
74 64 85 75 98 100
74 64 85 75 98 100
74 64 85 75 98 100
74 64 85 75 98 100
74 64 85 75 98 100
74 64 85 75 98 100
74 64 85 75 98 100
74 64 85 75 98 100
94 75 84 85 63 45
75 95 74 89 48 75
74 64 85 75 98 100
74 64 85 75 98 100
74 64 85 75 98 100
74 64 85 75 98 100
74 64 85 75 98 100
74 64 85 75 98 100
74 64 85 75 98 100
74 64 85 75 98 100
94 75 84 85 63 45
75 95 74 89 48 75
74 64 85 75 98 100
74 64 85 75 98 100
74 64 85 75 98 100
74 64 85 75 98 100
74 64 85 75 98 100
74 64 85 75 98 100
74 64 85 75 98 100
74 64 85 75 98 100
94 75 84 85 63 45
75 95 74 89 48 75
74 64 85 75 98 100
74 64 85 75 98 100
74 64 85 75 98 100
74 64 85 75 98 100
74 64 85 75 98 100
74 64 85 75 98 100
74 64 85 75 98 100
74 64 85 75 98 100
94 75 84 85 63 45
75 95 74 89 48 75
74 64 85 75 98 100
74 64 85 75 98 100
74 64 85 75 98 100
74 64 85 75 98 100
74 64 85 75 98 100
74 64 85 75 98 100
74 64 85 75 98 100
74 64 85 75 98 100
94 75 84 85 63 45
75 95 74 89 48 75
74 64 85 75 98 100
74 64 85 75 98 100
74 64 85 75 98 100
74 64 85 75 98 100
74 64 85 75 98 100
74 64 85 75 98 100
74 64 85 75 98 100
74 64 85 75 98 100
94 75 84 85 63 45
75 95 74 89 48 75
74 64 85 75 98 100
74 64 85 75 98 100
74 64 85 75 98 100
74 64 85 75 98 100
74 64 85 75 98 100
74 64 85 75 98 100
74 64 85 75 98 100
74 64 85 75 98 100
94 75 84 85 63 45
75 95 74 89 48 75
74 64 85 75 98 100
74 64 85 75 98 100
74 64 85 75 98 100
74 64 85 75 98 100
74 64 85 75 98 100
74 64 85 75 98 100
74 64 85 75 98 100
74 64 85 75 98 100
94 75 84 85 63 45
75 95 74 89 48 75
74 64 85 75 98 100
74 64 85 75 98 100
74 64 85 75 98 100
74 64 85 75 98 100
74 64 85 75 98 100
74 64 85 75 98 100
74 64 85 75 98 100
74 64 85 75 98 100
94 75 84 85 63 45
75 95 74 89 48 75
74 64 85 75 98 100
74 64 85 75 98 100
74 64 85 75 98 100
74 64 85 75 98 100
74 64 85 75 98 100
74 64 85 75 98 100
74 64 85 75 98 100
74 64 85 75 98 100