No.	DM	DS	LA	ALGO	CO	OS	Avg.	Var.
1	94	75	84	85	63	45	74.3	263.9
2	75	95	74	89	48	75	76.0	220.0
3	74	64	85	75	98	100	82.7	170.6
4	74	64	85	75	98	100	82.7	170.6
5	74	64	85	75	98	100	82.7	170.6
6	74	64	85	75	98	100	82.7	170.6
7	74	64	85	75	98	100	82.7	170.6
8	74	64	85	75	98	100	82.7	170.6
9	74	64	85	75	98	100	82.7	170.6
10	74	64	85	75	98	100	82.7	170.6
11	94	75	84	85	63	45	74.3	263.9
12	75	95	74	89	48	75	76.0	220.0
13	74	64	85	75	98	100	82.7	170.6
14	74	64	85	75	98	100	82.7	170.6
15	74	64	85	75	98	100	82.7	170.6
16	74	64	85	75	98	100	82.7	170.6
17	74	64	85	75	98	100	82.7	170.6
18	74	64	85	75	98	100	82.7	170.6
19	74	64	85	75	98	100	82.7	170.6
20	74	64	85	75	98	100	82.7	170.6
21	94	75	84	85	63	45	74.3	263.9
22	75	95	74	89	48	75	76.0	220.0
23	74	64	85	75	98	100	82.7	170.6
24	74	64	85	75	98	100	82.7	170.6
25	74	64	85	75	98	100	82.7	170.6
26	74	64	85	75	98	100	82.7	170.6
27	74	64	85	75	98	100	82.7	170.6
28	74	64	85	75	98	100	82.7	170.6
29	74	64	85	75	98	100	82.7	170.6
30	74	64	85	75	98	100	82.7	170.6
31	94	75	84	85	63	45	74.3	263.9
32	75	95	74	89	48	75	76.0	220.0
33	74	64	85	75	98	100	82.7	170.6
34	74	64	85	75	98	100	82.7	170.6
35	74	64	85	75	98	100	82.7	170.6
36	74	64	85	75	98	100	82.7	170.6
37	74	64	85	75	98	100	82.7	170.6
38	74	64	85	75	98	100	82.7	170.6
39	74	64	85	75	98	100	82.7	170.6
40	74	64	85	75	98	100	82.7	170.6
41	94	75	84	85	63	45	74.3	263.9
42	75	95	74	89	48	75	76.0	220.0
43	74	64	85	75	98	100	82.7	170.6
44	74	64	85	75	98	100	82.7	170.6
45	74	64	85	75	98	100	82.7	170.6
46	74	64	85	75	98	100	82.7	170.6
47	74	64	85	75	98	100	82.7	170.6
48	74	64	85	75	98	100	82.7	170.6
49	74	64	85	75	98	100	82.7	170.6
50	74	64	85	75	98	100	82.7	170.6
51	94	75	84	85	63	45	74.3	263.9
52	75	95	74	89	48	75	76.0	220.0
53	74	64	85	75	98	100	82.7	170.6
54	74	64	85	75	98	100	82.7	170.6
55	74	64	85	75	98	100	82.7	170.6
56	74	64	85	75	98	100	82.7	170.6
57	74	64	85	75	98	100	82.7	170.6
58	74	64	85	75	98	100	82.7	170.6
59	74	64	85	75	98	100	82.7	170.6
60	74	64	85	75	98	100	82.7	170.6
61	94	75	84	85	63	45	74.3	263.9
62	75	95	74	89	48	75	76.0	220.0
63	74	64	85	75	98	100	82.7	170.6
64	74	64	85	75	98	100	82.7	170.6
65	74	64	85	75	98	100	82.7	170.6
66	74	64	85	75	98	100	82.7	170.6
67	74	64	85	75	98	100	82.7	170.6
68	74	64	85	75	98	100	82.7	170.6
69	74	64	85	75	98	100	82.7	170.6
70	74	64	85	75	98	100	82.7	170.6
71	94	75	84	85	63	45	74.3	263.9
72	75	95	74	89	48	75	76.0	220.0
73	74	64	85	75	98	100	82.7	170.6
74	74	64	85	75	98	100	82.7	170.6
75	74	64	85	75	98	100	82.7	170.6
76	74	64	85	75	98	100	82.7	170.6
77	74	64	85	75	98	100	82.7	170.6
78	74	64	85	75	98	100	82.7	170.6
79	74	64	85	75	98	100	82.7	170.6
80	74	64	85	75	98	100	82.7	170.6
81	94	75	84	85	63	45	74.3	263.9
82	75	95	74	89	48	75	76.0	220.0
83	74	64	85	75	98	100	82.7	170.6
84	74	64	85	75	98	100	82.7	170.6
85	74	64	85	75	98	100	82.7	170.6
86	74	64	85	75	98	100	82.7	170.6
87	74	64	85	75	98	100	82.7	170.6
88	74	64	85	75	98	100	82.7	170.6
89	74	64	85	75	98	100	82.7	170.6
90	74	64	85	75	98	100	82.7	170.6
91	94	75	84	85	63	45	74.3	263.9
92	75	95	74	89	48	75	76.0	220.0
93	74	64	85	75	98	100	82.7	170.6
94	74	64	85	75	98	100	82.7	170.6
95	74	64	85	75	98	100	82.7	170.6
96	74	64	85	75	98	100	82.7	170.6
97	74	64	85	75	98	100	82.7	170.6
98	74	64	85	75	98	100	82.7	170.6
99	74	64	85	75	98	100	82.7	170.6
100	74	64	85	75	98	100	82.7	170.6
